<<<<<<< HEAD
00 04 00 0F   
00 05 00 03   
02 04 05      
03 04 05      

00 04 00 AA   
00 05 00 55   
04 04 05      
05 04 05      
06 04 05      
07 04         

01 00 80 04   
00 06 00 80   

00 04 00 05   
00 05 00 05   
03 04 05      
09            

00 04 00 FF   
00 05 00 01   
02 04 05      
0D            

00 04 80 00   
00 05 00 01   
03 04 05      
0B            

0F            
=======
00 00 01 1e
00 01 01 14

03 00 01

00 0c 01 14

0E

00 00 01 00
>>>>>>> cde3defcf4f1080eaba4156c44623b1a0862794d

